98
76
54
32
10
99
88
77
66
55
44
33
22
11
1
34
78
12
145
67
89
23
56
199
3
150
42
77
88
15
90
66
134
25
14
101
175
58
39
110
0
200
46
92
37
81
152
4
69
145
119
22
55
138
97
48
73
84
11
165
33
60
126
99
17
130
6
95
53
183
2
44
71
128
20
135
10
86
47
72
161
5
113
194
29
91
36
149
82
145
8
164
24
39
76
150
18
125
57
174
32
100
199
14
83
61
140
38
9
173
45
12
68
180
27
54
120
35
112
159
19
87
175
72
149
26
41
158
63
197
50
96
71
130
13
45
162
7
88
76
180
169
139
70
11
194
84
165
123
31
120
174
90
56
59
8
94
48
116
197
20
118
3
74
164
10
49
172
167
16
127
81
155
61
29
75
122
91
44
93
182
32
102
65
143
186
11
115
52
129
198
30
64
179
88
37
50
123
46
134
6
142
24
107
145
12
53
157
80
192
99
17
166
121
9
72
39
182
74
20
154
78
15
65
35
100
38
160
177
81
145
25
111
1
189
63
58
14
77
28
40
194
145
49
118
90
48
69
6
176
113
62
172
39
189
145
55
194
70
10
179
22
130
12
85
68
167
4
147
37
133
195
36
73
85
19
64
161
72
23
57
99
138
66
175
81
3
66
147
188
110
27
92
8
50
34
141
77
112
200
70
2
45
158
120
39
189
78
187
117
54
86
41
160
88
135
1
96
22
50
167
111
19
7
149
164
47
92
30
70
80
20
80
80
100
90
10
40
50
90
50
50
80
1
64
133
49
78
92
15
127
36
158
84
12
29
66
175
103
8
90
145
38
2
182
57
14
99
177
71
44
139
56
100
39
63
196
11
73
150
20
191
46
87
134
64
4
148
95
23
159
31
185
67
132
19
126
88
41
75
5
98
24
153
70
10
142
34
147
115
60
33
186
59
80
174
48
7
118
1
200
72
125
30
66
144
53
76
14
135
69
11
194
107
42
97
20
162
39
15
84
92
78
17
150
58
172
25
90
44
160
6
104
3
88
138
49
94
175
29
135
66
100
12
23
198
82
72
45
11
157
39
116
31
64
179
88
4
150
19
41
128
99
60
77
2
54
142
65
183
10
70
126
37
93
174
8
112
46
167